2003 1 1 -5.0 3.8 8.8 -1 0 7.1 
2003 1 2 -3.8 1.6 8.3 -1 0 6.7 
2003 1 3 -3.8 3.3 12.2 -1 0 3.5 
2003 1 4 -2.7 6.6 14.4 -1 0 5.8 
2003 1 5 -1.6 7.2 14.4 -1 0 6.2 
2003 1 6 0.0 8.3 13.3 -1 0 16.0 
2003 1 7 -2.2 3.8 10.5 -1 0 8.0 
2003 1 8 -2.2 4.4 11.6 -1 0 3.5 
2003 1 9 -1.6 6.6 13.3 -1 0 3.5 
2003 1 10 -0.5 5.5 13.3 -1 0 3.5 
2003 1 11 -2.2 4.4 11.1 -1 0 4.0 
2003 1 12 2.2 6.1 11.1 -1 0 8.4 
2003 1 14 -1.6 6.1 13.8 -1 0 4.9 
2003 1 15 -1.1 6.6 14.4 -1 0 9.8 
2003 1 16 -0.5 6.6 14.4 -1 0 5.3 
2003 1 17 -2.7 3.8 11.1 -1 0 3.5 
2003 1 18 -3.8 3.8 11.1 -1 0 3.5 
2003 1 19 -1.1 6.1 13.8 -1 0 3.5 
2003 1 20 -2.2 6.6 15.5 -1 0 3.1 
2003 1 21 -2.2 8.3 15.5 -1 0 4.0 
2003 1 22 2.2 8.3 15.0 -1 0 6.7 
2003 1 23 0.0 7.7 15.0 -1 0 4.9 
2003 1 24 0.0 8.3 16.1 -1 0 2.6 
2003 1 25 0.0 8.8 16.1 -1 0 6.2 
2003 1 26 0.0 7.2 14.4 -1 0 4.0 
2003 1 27 -0.5 7.2 16.1 -1 0 3.5 
2003 1 28 1.1 8.8 18.8 -1 0 9.8 
2003 1 29 0.5 8.3 18.8 -1 0 4.9 
2003 1 30 -0.5 8.3 17.2 -1 0 6.2 
2003 1 31 -0.5 11.1 17.2 -1 0 6.2 
2003 2 1 0.5 9.4 17.2 -1 0 3.5 
2003 2 2 6.1 11.1 20.0 -1 0 12.9 
2003 2 3 -2.2 5.0 20.0 -1 0 13.8 
2003 2 4 -6.6 2.7 11.1 -1 0 4.9 
2003 2 5 -6.6 4.4 11.6 -1 0 6.7 
2003 2 6 -2.2 2.2 11.6 -1 0 7.1 
2003 2 7 -6.6 -1.6 5.0 -1 0 11.1 
2003 2 8 -6.6 0.5 4.4 -1 0 4.0 
2003 2 9 -7.2 0.0 6.6 51 8 7.1 
2003 2 10 -3.8 1.6 8.8 -1 0 6.7 
2003 2 11 -2.7 3.3 11.1 -1 0 2.6 
2003 2 12 -3.8 6.6 14.4 -1 0 4.0 
2003 2 13 1.1 9.4 14.4 -1 3 6.7 
2003 2 14 0.0 7.7 13.8 -1 8 5.8 
2003 2 15 5.0 8.3 12.2 -1 0 5.3 
2003 2 16 0.5 5.0 12.2 -1 0 8.0 
2003 2 17 0.5 7.7 16.1 -1 0 5.3 
2003 2 18 1.6 10.0 16.1 -1 0 6.7 
2003 2 19 1.1 5.0 12.2 -1 0 4.9 
2003 2 20 1.1 4.4 10.0 -1 5 9.3 
2003 2 21 0.0 5.0 11.6 -1 3 10.2 
2003 2 22 -2.2 6.1 15.0 -1 0 10.2 
2003 2 23 -2.2 5.5 15.0 -1 0 11.1 
2003 2 24 -1.1 5.5 10.0 -1 0 7.1 
2003 2 25 -6.1 -0.5 6.6 -1 3 6.2 
2003 2 26 -5.5 4.4 8.3 -1 0 6.2 
2003 2 27 1.6 5.0 9.4 -1 0 6.7 
2003 2 28 -0.5 4.4 9.4 -1 0 5.8 
2003 3 2 -2.7 2.2 7.7 -1 0 5.3 
2003 3 3 -2.7 3.8 11.1 -1 0 4.0 
2003 3 4 -2.2 7.2 11.1 -1 0 8.9 
2003 3 5 1.6 5.5 10.5 -1 0 9.3 
2003 3 6 -3.3 3.8 14.4 -1 0 7.1 
2003 3 7 1.1 7.7 16.1 -1 0 7.1 
2003 3 8 0.0 9.4 18.3 -1 0 5.8 
2003 3 9 0.0 10.0 19.4 -1 0 4.0 
2003 3 10 1.1 11.6 20.5 -1 0 3.5 
2003 3 11 1.6 12.2 21.1 -1 0 3.5 
2003 3 12 1.6 12.7 21.6 -1 0 4.9 
2003 3 13 2.2 14.4 22.7 -1 0 4.9 
2003 3 14 5.5 14.4 22.7 -1 0 6.2 
2003 3 15 5.0 13.8 22.2 -1 0 5.3 
2003 3 16 5.0 13.3 19.4 -1 0 5.3 
2003 3 17 5.0 7.7 14.4 -1 3 8.9 
2003 3 18 2.7 6.1 10.0 -1 0 8.9 
2003 3 19 0.0 2.7 10.0 -1 13 6.7 
2003 3 20 0.0 5.5 13.8 -1 8 4.9 
2003 3 21 0.5 7.2 13.8 -1 13 7.1 
2003 3 22 3.3 8.3 15.0 -1 3 3.5 
2003 3 23 2.7 10.0 22.7 -1 0 3.5 
2003 3 24 6.1 14.4 23.3 -1 0 8.9 
2003 3 25 6.1 12.7 20.5 -1 0 7.1 
2003 3 26 2.7 11.6 21.6 -1 0 6.2 
2003 3 27 2.7 12.2 21.6 -1 0 11.6 
2003 3 28 -1.1 3.3 16.6 -1 0 9.8 
2003 3 29 -2.7 2.7 9.4 -1 0 9.3 
2003 3 30 -2.7 6.6 16.1 -1 0 6.2 
2003 3 31 2.7 10.5 21.6 -1 0 6.7 
2003 4 1 2.7 15.0 25.5 -1 0 6.7 
2003 4 2 5.5 16.6 25.5 -1 0 9.3 
2003 4 3 5.0 13.8 22.2 -1 0 11.6 
2003 4 4 2.2 9.4 20.0 -1 0 11.6 
2003 4 5 2.2 11.1 19.4 -1 0 11.1 
2003 4 6 1.6 7.7 19.4 -1 0 11.1 
2003 4 7 1.6 8.3 13.8 -1 0 7.1 
2003 4 8 1.1 7.2 15.5 -1 0 10.2 
2003 4 9 1.1 11.6 19.4 -1 0 5.8 
2003 4 10 7.7 13.8 22.2 -1 0 3.5 
2003 4 11 6.6 16.6 25.0 -1 0 5.3 
2003 4 12 8.8 17.2 25.0 -1 0 6.2 
2003 4 13 10.0 18.3 26.1 -1 0 5.3 
2003 4 14 7.7 17.7 26.1 -1 0 6.7 
2003 4 15 7.7 15.5 23.8 -1 0 16.0 
2003 4 16 3.8 9.4 21.1 -1 0 12.5 
2003 4 17 7.7 16.1 25.5 -1 0 12.9 
2003 4 18 5.5 12.7 25.5 -1 0 12.5 
2003 4 19 2.7 10.0 15.0 -1 0 8.4 
2003 4 20 3.3 10.5 18.8 -1 0 6.7 
2003 4 21 3.8 15.5 22.2 -1 0 9.8 
2003 4 22 9.4 16.6 23.3 -1 0 12.0 
2003 4 23 2.7 11.1 23.3 -1 0 11.6 
2003 4 24 2.7 10.0 22.2 -1 0 8.0 
2003 4 25 2.7 15.0 25.0 -1 0 5.8 
2003 4 26 6.1 18.3 26.1 -1 0 9.3 
2003 4 27 8.8 18.8 26.1 -1 0 7.1 
2003 4 28 8.8 18.3 26.1 -1 0 6.7 
2003 4 29 8.8 18.8 26.1 -1 0 9.8 
2003 4 30 8.8 17.7 25.5 -1 0 8.4 
2003 5 1 6.6 16.1 23.3 -1 0 7.1 
2003 5 2 6.6 17.7 25.0 -1 0 7.1 
2003 5 3 7.7 18.8 26.6 -1 0 7.1 
2003 5 4 9.4 16.6 26.6 -1 0 9.8 
2003 5 5 7.2 15.0 21.1 -1 0 8.0 
2003 5 6 7.2 15.5 21.1 -1 0 7.1 
2003 5 7 7.2 16.1 26.1 -1 0 8.9 
2003 5 8 9.4 16.6 26.1 -1 0 10.2 
2003 5 9 7.7 17.7 26.6 -1 0 13.4 
2003 5 10 6.6 16.1 27.2 -1 0 11.6 
2003 5 11 6.6 15.0 24.4 -1 0 5.8 
2003 5 12 10.0 18.8 28.8 -1 0 4.9 
2003 5 13 9.4 22.2 29.4 -1 0 4.9 
2003 5 14 13.3 22.2 29.4 -1 0 8.0 
2003 5 15 13.3 21.6 28.3 -1 0 14.3 
2003 5 16 13.3 20.0 30.0 -1 0 9.8 
2003 5 17 15.5 23.3 31.6 -1 0 8.9 
2003 5 18 17.2 25.0 32.2 -1 0 7.1 
2003 5 19 13.8 22.7 30.0 -1 0 6.2 
2003 5 20 8.8 15.5 28.8 -1 0 16.0 
2003 5 21 9.4 16.6 28.3 -1 0 9.3 
2003 5 22 10.0 23.3 31.6 -1 0 4.9 
2003 5 23 15.5 25.0 32.2 -1 0 8.0 
2003 5 24 16.1 25.0 32.2 -1 0 8.0 
2003 5 25 15.0 21.6 29.4 -1 0 12.5 
2003 5 26 11.1 17.2 28.3 -1 0 11.6 
2003 5 27 15.5 21.1 28.8 -1 3 8.9 
2003 5 28 15.0 23.3 31.1 -1 0 8.0 
2003 5 29 16.6 24.4 32.2 -1 0 5.8 
2003 5 30 17.2 26.1 32.7 -1 0 4.9 
2003 5 31 16.6 25.0 32.7 -1 0 10.2 
2003 6 1 16.6 22.2 31.1 -1 3 10.2 
2003 6 2 13.8 22.2 33.8 -1 5 8.4 
2003 6 3 13.8 25.0 33.8 -1 0 8.9 
2003 6 4 16.6 25.5 33.3 -1 0 8.4 
2003 6 5 16.6 23.8 33.3 -1 0 9.8 
2003 6 6 13.3 20.5 31.1 -1 0 11.6 
2003 6 7 13.3 22.2 31.1 -1 0 12.0 
2003 6 8 13.8 21.1 31.1 -1 0 12.0 
2003 6 9 13.8 23.3 30.0 -1 0 8.0 
2003 6 10 16.6 21.6 31.6 -1 0 6.7 
2003 6 11 15.5 23.8 31.6 -1 0 6.7 
2003 6 12 12.7 23.3 28.8 -1 0 6.2 
2003 6 13 13.3 25.0 30.0 -1 0 6.2 
2003 6 14 17.7 23.8 31.6 -1 0 10.2 
2003 6 15 17.7 25.0 32.7 -1 0 12.5 
2003 6 16 18.3 25.5 32.7 -1 0 14.3 
2003 6 17 17.2 22.2 32.7 -1 0 10.2 
2003 6 18 15.5 18.3 29.4 -1 0 10.2 
2003 6 19 16.1 20.5 28.3 -1 0 9.3 
2003 6 20 15.0 23.3 31.1 -1 0 9.8 
2003 6 21 12.2 23.8 32.2 -1 0 9.8 
2003 6 22 17.2 25.0 33.3 -1 0 8.4 
2003 6 23 16.1 26.1 35.0 -1 0 9.3 
2003 6 24 16.1 26.1 35.0 -1 0 9.8 
2003 6 25 17.2 26.1 33.8 -1 0 9.8 
2003 6 26 17.7 24.4 31.6 -1 0 9.8 
2003 6 27 17.2 23.8 33.3 -1 0 9.8 
2003 6 28 17.2 25.5 33.3 -1 0 7.1 
2003 6 29 18.3 26.1 33.8 -1 0 6.7 
2003 6 30 17.7 23.8 32.7 -1 0 12.0 
2003 7 1 18.3 27.2 35.5 -1 0 6.2 
2003 7 2 20.5 29.4 36.6 -1 0 8.0 
2003 7 3 22.7 30.5 37.7 -1 0 6.2 
2003 7 4 23.8 30.5 37.7 -1 0 8.0 
2003 7 5 22.2 30.0 38.3 -1 0 11.1 
2003 7 6 20.5 28.3 37.2 -1 0 10.2 
2003 7 7 20.0 28.3 37.2 -1 0 15.1 
2003 7 8 20.0 28.3 36.6 -1 0 9.8 
2003 7 9 21.1 30.5 37.7 -1 0 4.9 
2003 7 10 22.7 31.1 37.7 -1 0 9.8 
2003 7 11 21.1 28.8 37.7 -1 0 11.6 
2003 7 12 21.1 28.8 37.2 -1 0 8.0 
2003 7 13 21.1 29.4 37.7 -1 0 4.9 
2003 7 14 21.6 30.5 40.0 -1 0 6.7 
2003 7 15 21.6 31.6 40.0 -1 0 8.4 
2003 7 16 25.0 31.1 37.7 -1 0 9.8 
2003 7 17 21.1 27.7 35.0 -1 0 9.8 
2003 7 18 20.0 26.6 33.3 -1 0 6.7 
2003 7 19 20.0 28.8 36.1 -1 0 6.7 
2003 7 20 22.2 30.0 36.6 -1 0 7.1 
2003 7 21 20.5 25.5 36.6 -1 8 14.3 
2003 7 22 20.5 27.2 36.1 -1 3 6.2 
2003 7 23 21.1 28.8 36.1 -1 3 9.8 
2003 7 24 22.2 28.3 36.1 -1 0 8.4 
2003 7 25 21.6 29.4 36.1 -1 0 12.9 
2003 7 26 21.6 30.5 37.2 -1 0 7.1 
2003 7 27 20.0 26.6 37.2 -1 0 9.3 
2003 7 28 20.0 26.6 32.7 -1 0 6.7 
2003 7 29 20.5 26.6 32.7 -1 0 7.1 
2003 7 30 20.5 26.6 32.2 -1 0 9.3 
2003 7 31 19.4 25.5 33.8 -1 0 8.0 
2003 8 1 19.4 28.3 35.5 -1 0 9.3 
2003 8 2 20.5 27.7 35.5 -1 0 5.8 
2003 8 3 18.8 25.5 32.7 -1 0 8.0 
2003 8 4 19.4 26.6 35.5 -1 0 5.3 
2003 8 5 20.0 29.4 36.1 -1 0 4.0 
2003 8 6 21.1 28.3 36.1 -1 0 11.6 
2003 8 7 18.8 25.5 35.5 -1 0 8.9 
2003 8 8 18.8 28.3 34.4 -1 0 5.3 
2003 8 9 22.2 28.8 36.1 -1 3 8.9 
2003 8 10 20.0 26.6 36.1 -1 0 15.6 
2003 8 11 20.0 27.2 35.5 -1 0 6.7 
2003 8 12 21.1 26.6 33.3 -1 0 12.0 
2003 8 13 20.5 26.1 32.7 -1 0 10.2 
2003 8 14 20.0 24.4 31.1 -1 0 11.1 
2003 8 15 16.6 20.5 28.8 -1 0 10.2 
2003 8 16 16.6 20.5 27.7 -1 0 9.8 
2003 8 17 15.0 21.1 28.8 -1 0 8.0 
2003 8 18 15.0 25.0 32.7 -1 0 5.8 
2003 8 19 18.3 27.2 33.3 -1 0 6.7 
2003 8 20 18.3 25.5 34.4 -1 0 6.7 
2003 8 21 18.3 27.7 36.1 -1 0 8.4 
2003 8 22 20.0 27.7 36.1 -1 0 12.5 
2003 8 23 20.5 26.6 33.8 -1 0 8.4 
2003 8 24 17.7 23.8 32.7 -1 0 8.4 
2003 8 25 17.7 23.8 31.1 -1 3 4.0 
2003 8 26 18.8 23.8 31.6 -1 3 8.4 
2003 8 27 18.8 25.0 31.6 -1 0 9.3 
2003 8 28 18.3 24.4 31.6 -1 0 7.1 
2003 8 29 18.3 22.7 30.5 -1 3 4.0 
2003 8 30 17.2 22.2 29.4 -1 5 8.9 
2003 8 31 16.1 21.1 28.8 -1 5 9.8 
2003 9 1 16.1 22.2 30.0 -1 0 11.6 
2003 9 2 17.7 24.4 30.5 -1 0 8.0 
2003 9 3 18.3 26.1 31.1 -1 0 5.3 
2003 9 4 18.3 22.7 31.1 -1 0 9.3 
2003 9 5 17.7 22.2 28.3 -1 0 12.0 
2003 9 6 17.2 22.2 27.2 -1 0 7.1 
2003 9 7 13.3 18.8 27.2 -1 5 15.6 
2003 9 8 13.3 21.1 30.5 -1 5 4.9 
2003 9 9 14.4 22.2 30.5 -1 0 4.9 
2003 9 10 15.5 18.8 27.2 -1 3 7.1 
2003 9 11 11.6 16.1 25.0 -1 3 6.7 
2003 9 12 11.6 17.7 26.1 -1 0 6.7 
2003 9 13 12.2 21.1 27.2 -1 0 7.1 
2003 9 14 12.2 17.7 26.6 -1 0 11.6 
2003 9 15 12.7 21.6 29.4 -1 0 5.3 
2003 9 16 13.8 22.2 31.1 -1 0 6.7 
2003 9 17 14.4 23.8 31.1 -1 0 8.0 
2003 9 18 15.0 21.6 31.1 -1 0 9.3 
2003 9 19 10.0 16.6 26.1 -1 0 10.2 
2003 9 20 10.0 21.1 28.3 -1 0 8.9 
2003 9 21 11.1 20.0 28.3 -1 0 8.9 
2003 9 22 11.1 21.1 28.3 -1 0 3.5 
2003 9 23 12.2 22.2 28.8 -1 0 4.9 
2003 9 24 15.0 22.2 28.8 -1 0 3.5 
2003 9 25 15.0 21.6 28.3 -1 0 12.0 
2003 9 26 13.8 21.1 31.6 -1 0 3.5 
2003 9 27 13.8 22.2 31.6 -1 0 10.2 
2003 9 28 15.0 21.6 28.8 -1 0 8.4 
2003 9 29 13.8 22.7 31.6 -1 0 4.0 
2003 9 30 13.3 23.3 31.6 -1 0 3.5 
2003 10 1 12.2 20.0 29.4 -1 0 12.5 
2003 10 2 12.2 22.7 27.7 -1 0 9.8 
2003 10 3 12.7 16.6 21.6 -1 3 7.1 
2003 10 4 12.2 14.4 21.1 -1 0 6.2 
2003 10 5 10.0 16.6 25.0 -1 0 3.5 
2003 10 6 10.0 18.3 25.5 -1 0 4.0 
2003 10 7 11.1 18.3 25.5 -1 15 8.4 
2003 10 8 12.2 14.4 21.1 -1 28 5.8 
2003 10 9 11.6 17.2 25.5 -1 0 4.9 
2003 10 10 11.6 20.0 25.5 -1 8 6.7 
2003 10 11 13.3 18.3 25.0 -1 8 6.2 
2003 10 12 10.0 15.5 23.3 -1 0 9.8 
2003 10 13 10.0 18.3 26.1 -1 0 9.8 
2003 10 14 7.2 14.4 26.1 -1 0 9.8 
2003 10 15 7.2 16.1 26.1 -1 0 3.5 
2003 10 16 11.1 17.7 27.2 -1 0 6.7 
2003 10 17 10.5 17.7 26.6 -1 0 9.8 
2003 10 18 11.1 17.7 26.1 -1 0 4.0 
2003 10 19 10.0 18.3 27.7 -1 0 3.5 
2003 10 20 11.1 18.3 27.7 -1 0 3.5 
2003 10 21 11.1 19.4 31.6 -1 0 4.9 
2003 10 22 12.2 18.8 27.2 -1 0 4.9 
2003 10 23 9.4 18.3 27.2 -1 0 3.1 
2003 10 24 7.7 18.3 26.6 -1 0 4.9 
2003 10 25 7.7 13.3 26.1 -1 0 12.5 
2003 10 26 0.0 5.5 15.5 -1 0 10.2 
2003 10 27 2.2 9.4 18.3 -1 0 2.6 
2003 10 28 1.1 14.4 21.1 -1 0 4.9 
2003 10 29 6.6 14.4 24.4 -1 0 5.8 
2003 10 30 7.7 17.2 24.4 -1 0 8.4 
2003 10 31 7.7 13.8 20.5 -1 0 8.9 
2003 11 1 8.3 17.7 23.3 -1 0 8.4 
2003 11 2 7.2 15.0 23.3 -1 0 9.8 
2003 11 3 7.2 15.5 22.2 -1 0 9.8 
2003 11 4 1.1 8.3 15.5 -1 0 8.0 
2003 11 5 0.5 6.6 15.0 -1 0 3.5 
2003 11 6 0.5 8.3 17.2 -1 0 4.0 
2003 11 7 1.1 10.0 17.2 -1 0 3.5 
2003 11 8 3.8 12.2 17.2 -1 0 3.5 
2003 11 9 4.4 11.1 19.4 -1 0 3.5 
2003 11 10 4.4 13.3 20.5 -1 0 6.7 
2003 11 11 6.6 13.3 20.5 -1 0 6.7 
2003 11 12 7.2 10.5 17.7 -1 3 9.8 
2003 11 13 1.6 3.8 12.7 -1 10 12.9 
2003 11 14 2.2 5.0 11.1 -1 3 3.5 
2003 11 15 2.2 7.2 12.2 -1 0 4.0 
2003 11 16 1.6 7.2 12.7 -1 0 3.5 
2003 11 17 1.1 8.3 12.7 -1 0 7.1 
2003 11 18 1.6 6.1 12.2 -1 0 9.3 
2003 11 19 -0.5 6.1 12.7 -1 0 3.5 
2003 11 20 -0.5 6.6 15.0 -1 0 3.5 
2003 11 21 2.7 8.3 16.6 -1 0 3.5 
2003 11 22 2.2 11.1 17.7 -1 0 18.7 
2003 11 23 -6.1 -1.6 5.0 -1 0 8.9 
2003 11 24 -5.0 -1.1 5.0 -1 0 6.2 
2003 11 25 1.6 4.4 11.1 -1 0 3.5 
2003 11 26 0.0 6.6 12.2 -1 0 10.2 
2003 11 27 -2.2 2.2 12.2 -1 0 9.3 
2003 11 28 -5.5 0.5 5.0 -1 0 3.5 
2003 11 29 -5.5 1.1 10.0 -1 0 2.6 
2003 11 30 -5.5 6.1 16.6 -1 0 3.1 
2003 12 1 0.0 10.5 16.6 -1 0 7.1 
2003 12 2 3.8 9.4 17.7 -1 0 8.4 
2003 12 3 -0.5 7.2 17.7 -1 0 5.3 
2003 12 4 -1.1 5.5 13.8 -1 0 3.5 
2003 12 5 -1.1 5.0 13.8 -1 0 8.4 
2003 12 6 -1.6 3.3 10.0 -1 0 3.5 
2003 12 7 2.2 6.1 12.2 -1 0 3.1 
2003 12 8 1.1 8.3 12.7 -1 0 12.5 
2003 12 9 -0.5 3.3 12.7 -1 0 9.3 
2003 12 10 -7.2 1.1 8.3 -1 0 4.9 
2003 12 11 -7.2 1.6 9.4 -1 0 3.5 
2003 12 12 -4.4 3.3 9.4 51 3 7.1 
2003 12 13 -3.8 1.1 8.3 -1 0 6.2 
2003 12 14 -2.2 3.3 12.2 -1 0 3.5 
2003 12 15 -2.7 3.8 11.6 -1 0 12.0 
2003 12 16 -8.3 -1.6 6.6 -1 0 6.7 
2003 12 17 -7.2 -1.1 7.7 -1 0 3.5 
2003 12 18 -2.7 2.7 9.4 -1 0 4.0 
2003 12 19 -3.8 3.3 10.5 -1 0 3.1 
2003 12 20 -4.4 3.3 11.1 -1 0 3.5 
2003 12 21 -4.4 4.4 11.1 -1 0 5.3 
2003 12 22 -1.1 4.4 10.5 -1 0 7.1 
2003 12 23 -5.0 1.1 7.7 -1 0 3.5 
2003 12 24 -5.0 1.1 7.7 -1 0 4.0 
2003 12 25 -3.8 0.5 8.3 -1 0 3.5 
2003 12 26 1.1 5.5 13.8 -1 0 14.3 
2003 12 27 -3.8 0.0 4.4 -1 0 9.8 
2003 12 28 -8.3 -4.4 2.2 -1 0 8.9 
2003 12 29 -11.6 -4.4 2.2 -1 0 5.3 
2003 12 30 -11.6 -0.5 5.0 -1 0 3.5 
2003 12 31 -5.5 0.5 5.0 -1 0 3.5 
