2003 1 1 16.1 21.6 27.7 -1 0 4.0 
2003 1 2 16.1 21.6 27.2 -1 0 4.0 
2003 1 3 16.6 21.6 27.2 -1 0 5.3 
2003 1 4 16.6 21.6 27.7 -1 0 5.8 
2003 1 5 16.6 22.7 27.7 -1 0 6.2 
2003 1 6 16.1 22.7 27.7 -1 0 6.7 
2003 1 7 16.1 21.6 26.1 -1 0 6.2 
2003 1 8 17.7 22.7 27.2 -1 0 4.9 
2003 1 9 18.8 22.2 27.2 -1 0 4.9 
2003 1 10 17.7 22.7 26.6 -1 0 3.5 
2003 1 11 17.2 20.5 27.2 -1 10 6.7 
2003 1 12 17.2 21.1 25.0 -1 25 6.2 
2003 1 13 17.7 20.5 25.5 -1 3 4.0 
2003 1 14 17.2 22.2 28.3 -1 0 4.9 
2003 1 15 16.1 22.2 28.8 -1 0 4.9 
2003 1 16 16.1 23.3 30.0 -1 0 9.8 
2003 1 17 16.1 21.1 27.7 -1 0 8.9 
2003 1 18 15.5 21.6 28.8 -1 0 6.7 
2003 1 19 15.5 22.7 28.8 -1 0 6.2 
2003 1 20 16.6 22.7 28.3 -1 0 6.2 
2003 1 21 15.5 21.6 27.7 -1 0 8.9 
2003 1 22 17.2 22.2 28.3 -1 0 5.8 
2003 1 23 16.1 22.2 28.3 -1 0 5.3 
2003 1 24 17.2 22.7 29.4 -1 0 5.3 
2003 1 25 17.2 23.3 29.4 -1 0 4.0 
2003 1 26 18.8 23.3 28.3 -1 3 3.5 
2003 1 27 18.8 22.7 28.3 -1 0 5.8 
2003 1 28 17.7 22.7 28.3 -1 0 6.2 
2003 1 29 17.7 22.7 29.4 -1 0 6.2 
2003 1 30 18.8 22.7 29.4 -1 0 4.9 
2003 1 31 17.7 22.2 28.3 -1 0 4.9 
2003 2 1 17.2 22.2 28.3 -1 0 5.3 
2003 2 2 17.2 21.6 28.3 -1 13 3.5 
2003 2 3 17.7 21.6 25.5 -1 0 4.9 
2003 2 4 17.7 21.6 26.6 -1 0 4.0 
2003 2 5 16.6 21.1 27.2 -1 0 6.7 
2003 2 6 16.6 21.6 27.7 -1 0 7.1 
2003 2 7 17.2 22.7 27.7 -1 3 6.2 
2003 2 8 18.3 21.6 25.5 -1 0 4.9 
2003 2 9 17.7 20.5 25.5 -1 0 3.5 
2003 2 10 17.2 23.3 26.1 -1 0 6.2 
2003 2 11 18.3 22.2 26.1 -1 3 6.2 
2003 2 12 17.7 21.1 26.1 -1 0 5.3 
2003 2 13 17.7 22.2 27.2 -1 0 4.9 
2003 2 14 18.8 21.6 27.2 -1 0 5.3 
2003 2 15 18.8 20.5 25.0 -1 18 9.3 
2003 2 16 17.7 20.5 25.0 -1 33 6.2 
2003 2 17 17.2 21.1 25.5 -1 5 6.2 
2003 2 18 16.6 20.5 25.5 -1 3 5.8 
2003 2 19 16.6 20.5 25.5 -1 0 3.5 
2003 2 20 16.1 20.5 26.1 -1 10 5.8 
2003 2 21 16.1 20.5 26.1 -1 0 8.0 
2003 2 22 16.6 20.5 26.6 -1 18 4.0 
2003 2 23 16.6 22.2 26.6 -1 3 3.5 
2003 2 24 19.4 22.7 26.1 -1 10 5.3 
2003 2 25 17.2 21.1 26.6 -1 3 6.7 
2003 2 26 17.2 21.1 26.6 -1 0 4.9 
2003 2 27 17.7 21.6 27.2 -1 10 4.0 
2003 2 28 17.7 22.7 27.2 -1 3 3.5 
2003 3 2 16.6 21.1 27.2 -1 3 4.9 
2003 3 3 15.5 21.1 26.6 -1 0 6.7 
2003 3 4 15.5 20.5 26.6 -1 0 6.7 
2003 3 5 15.5 20.5 26.6 -1 0 6.7 
2003 3 6 17.2 21.1 27.2 -1 3 8.0 
2003 3 7 18.3 22.7 28.3 -1 0 8.0 
2003 3 8 17.7 23.3 28.8 -1 0 5.8 
2003 3 9 18.3 23.3 28.8 -1 0 6.2 
2003 3 10 17.7 22.7 28.3 -1 0 5.3 
2003 3 11 17.2 22.7 28.3 -1 0 4.0 
2003 3 12 16.6 22.2 27.7 -1 0 4.9 
2003 3 13 16.6 22.2 28.8 -1 0 5.8 
2003 3 14 17.2 23.3 28.8 -1 0 5.8 
2003 3 15 17.2 22.7 28.8 -1 0 5.3 
2003 3 16 17.7 22.7 29.4 -1 0 5.8 
2003 3 17 17.7 22.7 30.0 -1 5 6.7 
2003 3 18 17.7 22.7 27.2 -1 5 3.5 
2003 3 19 18.3 22.7 27.7 -1 0 4.0 
2003 3 20 18.3 22.7 27.2 -1 0 4.9 
2003 3 21 18.8 23.3 27.2 -1 3 4.9 
2003 3 22 18.3 22.2 27.2 -1 0 5.3 
2003 3 23 18.3 22.2 27.7 -1 5 5.3 
2003 3 24 18.8 22.7 28.3 -1 3 5.8 
2003 3 25 18.3 22.7 28.3 -1 0 8.4 
2003 3 26 18.3 23.3 30.5 -1 0 8.0 
2003 3 27 17.7 23.3 30.5 -1 0 8.0 
2003 3 28 17.7 24.4 30.5 -1 0 8.0 
2003 3 29 21.1 22.7 26.6 -1 15 4.9 
2003 3 30 19.4 22.7 28.3 -1 0 6.2 
2003 3 31 19.4 23.8 28.3 -1 3 7.1 
2003 4 1 20.5 23.8 29.4 -1 8 5.8 
2003 4 2 20.0 22.7 27.7 -1 5 5.8 
2003 4 3 20.0 22.7 27.7 -1 3 6.7 
2003 4 4 16.6 22.2 25.5 -1 8 3.5 
2003 4 5 20.0 22.2 26.1 -1 8 5.3 
2003 4 6 20.0 22.7 26.1 -1 8 5.3 
2003 4 7 20.0 22.7 27.7 -1 64 5.3 
2003 4 8 18.8 24.4 28.3 -1 3 5.3 
2003 4 9 18.8 22.7 28.3 -1 8 4.9 
2003 4 10 18.8 22.2 26.1 -1 13 5.8 
2003 4 11 17.7 21.6 27.7 -1 5 5.8 
2003 4 12 17.7 22.2 27.7 -1 5 5.3 
2003 4 13 20.0 23.3 27.2 -1 3 5.8 
2003 4 14 18.8 22.7 27.2 -1 0 6.2 
2003 4 15 18.3 22.2 27.2 -1 0 6.2 
2003 4 16 17.7 21.6 26.1 -1 3 5.8 
2003 4 17 17.7 21.1 25.0 -1 13 3.5 
2003 4 18 17.7 21.1 24.4 -1 18 5.3 
2003 4 19 18.3 21.1 25.5 -1 46 4.9 
2003 4 20 18.8 22.2 26.1 -1 3 5.3 
2003 4 21 18.8 21.6 26.1 -1 18 5.8 
2003 4 22 17.7 20.5 25.0 -1 13 4.9 
2003 4 23 18.8 21.1 25.0 -1 28 5.8 
2003 4 24 18.8 21.1 27.2 -1 25 4.9 
2003 4 25 17.7 21.1 25.0 -1 8 5.3 
2003 4 26 17.7 21.6 27.2 -1 23 4.9 
2003 4 27 17.7 22.2 27.2 -1 23 5.3 
2003 4 28 18.8 22.7 26.6 -1 15 4.9 
2003 4 29 17.2 22.2 27.2 -1 0 4.9 
2003 4 30 17.2 21.6 27.2 -1 0 4.0 
2003 5 1 16.6 22.2 27.7 -1 0 6.7 
2003 5 2 17.7 22.7 27.7 -1 0 6.7 
2003 5 3 17.7 23.3 28.8 -1 0 6.7 
2003 5 4 18.3 23.3 29.4 -1 0 6.7 
2003 5 5 18.3 23.8 29.4 -1 0 6.2 
2003 5 6 20.0 23.8 28.3 -1 0 6.2 
2003 5 7 20.0 22.7 28.3 -1 8 6.2 
2003 5 8 20.0 22.7 26.6 -1 23 5.8 
2003 5 9 18.8 22.7 27.7 -1 8 5.3 
2003 5 10 18.8 22.7 27.7 -1 8 5.3 
2003 5 11 20.5 22.2 26.1 -1 13 4.9 
2003 5 12 20.0 22.7 27.7 -1 3 5.3 
2003 5 13 18.8 22.2 27.7 -1 0 5.8 
2003 5 14 18.8 22.2 27.7 -1 10 5.8 
2003 5 15 18.8 22.7 27.7 -1 8 4.9 
2003 5 16 18.8 22.7 26.6 -1 3 5.8 
2003 5 17 18.8 22.2 27.7 -1 8 5.8 
2003 5 18 19.4 22.7 27.2 -1 10 3.5 
2003 5 19 18.8 22.2 27.2 -1 5 3.5 
2003 5 20 19.4 23.8 27.7 -1 5 5.3 
2003 5 21 17.7 22.7 27.7 -1 3 5.8 
2003 5 22 17.7 22.7 27.7 -1 8 5.8 
2003 5 23 18.3 23.8 27.7 -1 3 4.9 
2003 5 24 20.0 24.4 27.7 -1 0 6.2 
2003 5 25 15.5 23.3 32.7 -1 0 6.7 
2003 5 26 15.5 23.8 32.7 -1 0 6.7 
2003 5 27 15.5 23.3 31.1 -1 0 5.3 
2003 5 28 16.1 22.7 30.0 -1 0 5.3 
2003 5 29 17.7 23.8 30.0 -1 0 5.8 
2003 5 30 18.3 23.8 29.4 -1 0 4.9 
2003 5 31 18.3 23.8 29.4 -1 0 4.9 
2003 6 1 19.4 25.0 30.0 -1 0 5.8 
2003 6 2 20.0 25.0 30.0 -1 3 5.8 
2003 6 3 22.2 25.0 29.4 -1 0 4.0 
2003 6 4 18.8 23.8 30.0 -1 0 3.5 
2003 6 5 19.4 25.0 30.0 -1 0 4.0 
2003 6 6 20.0 24.4 30.0 -1 0 5.8 
2003 6 7 20.0 25.0 30.0 -1 0 5.8 
2003 6 8 18.8 24.4 28.8 -1 0 4.0 
2003 6 9 19.4 25.0 29.4 -1 0 5.3 
2003 6 10 20.0 25.5 29.4 -1 0 5.3 
2003 6 11 19.4 24.4 29.4 -1 0 6.7 
2003 6 12 19.4 23.8 30.0 -1 8 5.3 
2003 6 13 20.0 22.7 28.3 -1 38 4.9 
2003 6 14 20.5 23.8 28.3 -1 5 5.3 
2003 6 15 20.5 23.3 28.8 -1 3 6.2 
2003 6 16 20.5 23.8 28.8 -1 8 5.3 
2003 6 17 20.5 24.4 29.4 -1 5 5.3 
2003 6 18 20.0 23.3 29.4 -1 3 5.8 
2003 6 19 21.1 22.7 27.2 -1 10 4.9 
2003 6 20 20.0 23.3 27.2 -1 8 4.0 
2003 6 21 18.8 23.8 28.8 -1 3 5.3 
2003 6 22 19.4 24.4 30.0 -1 3 5.8 
2003 6 23 19.4 23.8 30.0 -1 0 4.9 
2003 6 24 19.4 23.8 28.8 -1 3 5.8 
2003 6 25 20.0 23.8 28.8 -1 20 4.9 
2003 6 26 18.8 23.8 28.3 -1 10 4.9 
2003 6 27 20.0 24.4 28.8 -1 5 4.9 
2003 6 28 20.0 23.8 28.8 -1 3 3.5 
2003 6 29 20.0 24.4 28.8 -1 3 3.5 
2003 6 30 20.5 23.8 29.4 -1 8 5.3 
2003 7 1 20.5 23.8 28.8 -1 5 4.9 
2003 7 2 20.5 23.8 28.8 -1 10 6.2 
2003 7 3 19.4 23.8 28.8 -1 3 4.9 
2003 7 4 19.4 23.8 28.3 -1 8 4.9 
2003 7 5 18.8 24.4 28.8 -1 5 4.9 
2003 7 6 20.0 24.4 28.8 -1 0 5.3 
2003 7 7 20.0 23.3 28.8 -1 18 6.7 
2003 7 8 21.1 23.8 28.3 -1 41 4.0 
2003 7 9 21.1 23.8 28.3 -1 8 6.2 
2003 7 10 18.8 22.7 28.8 -1 15 3.5 
2003 7 11 22.2 25.0 29.4 -1 8 3.5 
2003 7 12 21.6 25.0 28.8 -1 0 4.9 
2003 7 13 22.2 25.5 29.4 -1 33 4.9 
2003 7 14 22.2 26.1 29.4 -1 3 6.7 
2003 7 15 21.1 25.0 29.4 -1 0 3.5 
2003 7 16 21.1 25.5 28.8 -1 5 4.9 
2003 7 17 21.1 24.4 29.4 -1 3 4.0 
2003 7 18 21.1 25.0 28.8 -1 3 5.3 
2003 7 19 21.1 25.0 30.0 -1 10 3.5 
2003 7 20 21.6 25.0 30.0 -1 18 4.0 
2003 7 21 21.6 25.5 30.0 -1 8 4.9 
2003 7 22 20.5 24.4 29.4 -1 3 4.9 
2003 7 23 20.5 25.0 29.4 -1 0 4.9 
2003 7 24 20.5 24.4 29.4 -1 0 3.5 
2003 7 25 22.2 24.4 31.6 -1 51 5.3 
2003 7 26 22.7 26.1 31.6 -1 0 5.3 
2003 7 27 22.7 26.1 31.6 -1 0 6.2 
2003 7 28 21.1 25.0 31.6 -1 3 6.7 
2003 7 29 21.1 25.5 30.0 -1 3 4.9 
2003 7 30 21.1 25.0 30.0 -1 3 4.9 
2003 7 31 18.8 24.4 28.8 -1 0 3.5 
2003 8 1 19.4 24.4 30.0 -1 15 3.5 
2003 8 2 18.8 23.3 30.0 -1 10 4.0 
2003 8 3 19.4 25.0 30.0 -1 0 4.0 
2003 8 4 20.0 24.4 29.4 -1 3 5.3 
2003 8 5 20.0 25.5 30.5 -1 5 5.8 
2003 8 6 21.6 25.0 30.5 -1 5 6.7 
2003 8 7 21.6 25.0 30.0 -1 3 4.9 
2003 8 8 21.6 25.5 30.0 -1 5 4.0 
2003 8 9 22.2 25.5 30.0 -1 8 6.2 
2003 8 10 21.1 23.8 29.4 -1 13 6.2 
2003 8 11 20.0 24.4 30.0 -1 10 4.0 
2003 8 12 20.0 25.0 30.0 -1 5 5.8 
2003 8 13 22.2 25.0 29.4 -1 8 4.9 
2003 8 14 22.7 25.0 28.8 -1 15 3.5 
2003 8 15 21.6 26.1 29.4 -1 8 4.9 
2003 8 16 21.6 25.0 28.8 -1 10 5.8 
2003 8 17 21.6 25.0 29.4 -1 15 5.8 
2003 8 18 21.6 25.5 29.4 -1 3 6.2 
2003 8 19 21.6 25.0 29.4 -1 8 6.2 
2003 8 20 22.2 25.0 29.4 -1 13 3.5 
2003 8 21 22.7 25.0 28.8 -1 10 6.2 
2003 8 22 21.6 25.0 29.4 -1 0 4.0 
2003 8 23 20.0 24.4 29.4 -1 3 3.5 
2003 8 24 20.0 24.4 29.4 -1 5 4.0 
2003 8 25 20.5 24.4 29.4 -1 0 5.3 
2003 8 26 20.5 25.0 29.4 -1 5 5.8 
2003 8 27 21.1 24.4 28.8 -1 3 3.5 
2003 8 28 21.1 25.0 28.8 -1 3 3.5 
2003 8 29 20.0 24.4 29.4 -1 10 4.0 
2003 8 30 20.0 25.0 29.4 -1 0 5.3 
2003 8 31 21.1 24.4 29.4 -1 13 5.3 
2003 9 1 21.6 25.5 28.8 -1 23 7.1 
2003 9 2 22.7 25.0 28.8 -1 76 5.8 
2003 9 3 21.1 25.0 28.3 -1 3 5.3 
2003 9 4 20.5 24.4 29.4 -1 3 4.0 
2003 9 5 20.5 23.8 28.8 -1 13 4.0 
2003 9 6 20.0 24.4 28.8 -1 15 4.0 
2003 9 7 20.0 23.8 28.8 -1 28 3.5 
2003 9 8 21.6 23.8 29.4 -1 5 5.8 
2003 9 9 20.0 24.4 29.4 -1 0 6.7 
2003 9 10 20.0 24.4 29.4 -1 0 4.9 
2003 9 11 20.0 25.0 30.0 -1 5 5.8 
2003 9 12 20.5 25.0 30.0 -1 3 3.5 
2003 9 13 20.5 24.4 29.4 -1 3 3.5 
2003 9 14 20.5 24.4 30.0 -1 10 5.8 
2003 9 15 20.5 25.0 30.0 -1 10 3.5 
2003 9 16 20.5 24.4 30.0 -1 0 3.5 
2003 9 17 20.5 24.4 30.0 -1 5 4.9 
2003 9 18 20.5 24.4 30.0 -1 3 4.0 
2003 9 19 22.2 23.8 29.4 -1 5 4.9 
2003 9 20 21.1 24.4 30.0 -1 8 5.3 
2003 9 21 21.1 24.4 30.0 -1 3 3.5 
2003 9 22 20.5 24.4 30.0 -1 0 4.9 
2003 9 24 20.5 25.0 30.5 -1 0 5.3 
2003 9 25 20.5 25.0 30.5 -1 0 6.2 
2003 9 26 20.5 25.5 30.5 -1 0 5.8 
2003 9 27 21.6 25.0 30.0 -1 3 3.5 
2003 9 28 20.5 25.0 30.0 -1 0 3.5 
2003 9 29 20.5 25.0 30.5 -1 0 5.8 
2003 9 30 18.8 25.0 30.0 -1 0 5.3 
2003 10 1 19.4 26.6 32.2 -1 0 6.2 
2003 10 2 21.1 26.1 32.2 -1 0 6.2 
2003 10 3 21.1 26.1 31.1 -1 0 4.9 
2003 10 4 20.5 25.0 30.5 -1 0 4.0 
2003 10 5 20.5 24.4 30.0 -1 0 4.0 
2003 10 6 22.2 25.5 31.1 -1 0 5.3 
2003 10 7 21.6 25.0 31.6 -1 3 3.5 
2003 10 8 20.5 25.0 31.1 -1 3 8.0 
2003 10 9 20.5 24.4 31.1 -1 8 6.7 
2003 10 10 21.6 23.8 29.4 -1 5 3.5 
2003 10 11 20.5 23.3 27.7 -1 8 3.5 
2003 10 12 20.5 23.8 30.0 -1 3 4.9 
2003 10 13 21.1 24.4 30.0 -1 15 4.0 
2003 10 14 21.6 25.0 29.4 -1 15 6.7 
2003 10 15 18.8 23.3 28.3 -1 3 3.5 
2003 10 16 19.4 23.3 27.7 -1 18 3.5 
2003 10 17 20.0 23.8 28.3 -1 23 3.5 
2003 10 18 19.4 23.8 29.4 -1 0 4.0 
2003 10 19 19.4 24.4 29.4 -1 0 3.5 
2003 10 20 20.0 23.8 28.8 -1 0 3.5 
2003 10 21 18.8 23.8 28.3 -1 0 3.5 
2003 10 22 19.4 24.4 29.4 -1 0 4.0 
2003 10 23 20.0 24.4 30.5 -1 0 6.7 
2003 10 24 20.0 25.0 30.5 -1 0 6.7 
2003 10 25 21.1 25.0 30.0 -1 0 6.2 
2003 10 26 20.5 25.0 30.0 -1 0 6.2 
2003 10 27 20.5 25.0 30.0 -1 0 6.7 
2003 10 28 18.8 23.8 31.1 -1 0 6.7 
2003 10 29 18.8 24.4 30.5 -1 0 5.8 
2003 10 30 19.4 24.4 30.0 -1 0 5.8 
2003 10 31 20.0 25.0 30.0 -1 0 6.7 
2003 11 1 21.6 25.0 30.0 -1 3 4.0 
2003 11 2 20.5 23.8 30.0 -1 0 4.0 
2003 11 3 18.8 22.7 27.7 -1 3 3.5 
2003 11 4 18.8 22.7 27.7 -1 5 6.7 
2003 11 5 20.0 23.3 28.8 -1 18 4.9 
2003 11 6 21.1 23.8 28.8 -1 5 3.5 
2003 11 7 20.5 23.3 28.8 -1 3 5.8 
2003 11 8 20.5 22.7 26.1 -1 8 3.5 
2003 11 9 19.4 23.3 27.2 -1 3 3.5 
2003 11 10 19.4 23.8 27.7 -1 5 6.2 
2003 11 11 20.5 23.3 27.7 -1 43 6.7 
2003 11 12 19.4 22.2 27.2 -1 5 6.2 
2003 11 13 18.3 21.6 27.2 -1 18 4.0 
2003 11 14 18.3 21.6 27.2 -1 28 6.7 
2003 11 15 19.4 22.2 26.6 -1 41 6.7 
2003 11 16 20.0 21.6 26.1 -1 58 4.0 
2003 11 17 20.5 22.2 26.6 -1 46 4.0 
2003 11 18 20.5 22.7 26.6 -1 25 3.5 
2003 11 19 19.4 22.7 26.1 -1 20 7.1 
2003 11 20 17.2 21.1 25.0 -1 5 8.9 
2003 11 21 16.1 21.6 26.1 -1 0 8.9 
2003 11 22 15.5 20.5 26.6 -1 0 8.0 
2003 11 23 15.5 22.2 27.2 -1 0 8.0 
2003 11 24 17.2 22.7 27.7 -1 0 4.9 
2003 11 25 17.2 22.2 27.2 -1 5 4.0 
2003 11 26 17.2 23.3 28.3 -1 0 4.0 
2003 11 27 20.5 23.8 28.3 -1 0 5.3 
2003 11 28 20.5 23.3 28.3 -1 8 3.1 
2003 11 29 20.5 24.4 28.3 -1 3 4.0 
2003 11 30 21.6 22.7 27.7 -1 43 5.8 
2003 12 1 18.3 22.7 29.4 -1 36 3.5 
2003 12 2 18.3 23.3 29.4 -1 3 5.8 
2003 12 3 18.8 22.7 26.6 -1 3 5.3 
2003 12 4 18.8 23.8 27.2 -1 25 4.0 
2003 12 5 20.0 23.3 27.2 -1 5 3.5 
2003 12 6 20.0 24.4 28.3 -1 15 4.0 
2003 12 7 20.0 23.8 28.3 -1 23 4.0 
2003 12 8 18.8 22.7 27.7 -1 23 4.0 
2003 12 9 19.4 22.2 26.6 -1 5 3.5 
2003 12 10 18.8 21.6 26.6 -1 28 4.9 
2003 12 11 20.0 23.3 27.2 -1 43 4.9 
2003 12 12 17.7 21.6 27.7 -1 0 3.5 
2003 12 13 18.3 22.7 28.3 -1 3 3.5 
2003 12 14 18.8 22.7 28.8 -1 0 3.5 
2003 12 15 17.7 21.6 28.8 -1 5 4.0 
2003 12 16 16.6 21.1 27.2 -1 3 3.5 
2003 12 17 16.6 21.1 27.2 -1 3 7.1 
2003 12 18 18.8 21.1 23.8 -1 0 5.8 
2003 12 19 18.8 21.1 25.0 -1 3 2.6 
2003 12 20 17.7 21.6 27.7 -1 3 3.1 
2003 12 21 17.7 22.2 27.7 -1 0 3.1 
2003 12 22 16.6 21.1 26.6 -1 0 3.5 
2003 12 23 16.6 22.7 28.3 -1 0 3.5 
2003 12 24 18.8 22.7 28.3 -1 0 5.3 
2003 12 25 18.8 22.7 28.3 -1 3 5.8 
2003 12 26 18.8 21.6 26.6 -1 3 5.3 
2003 12 27 16.6 21.6 27.7 -1 0 5.8 
2003 12 28 16.6 21.6 26.6 -1 5 6.7 
2003 12 29 17.7 20.0 23.8 -1 8 4.0 
2003 12 30 17.7 22.2 26.6 -1 41 4.0 
2003 12 31 20.5 22.2 26.6 -1 8 4.0 
