2003 1 1 -1.1 0.0 1.6 -1 0 8.9 
2003 1 2 -2.2 -1.6 -0.5 -1 -1 8.4 
2003 1 3 -4.4 -1.6 1.6 -1 -1 4.9 
2003 1 4 -6.1 -3.3 1.1 -1 -1 4.9 
2003 1 5 -2.2 -1.1 0.5 30 0 3.5 
2003 1 6 -2.2 -0.5 0.5 30 3 6.7 
2003 1 7 -3.8 -0.5 3.8 30 0 8.9 
2003 1 8 2.7 7.2 12.2 -1 0 8.0 
2003 1 9 2.2 4.4 10.0 -1 0 9.8 
2003 1 10 -7.2 -3.3 1.6 -1 -1 8.9 
2003 1 11 -12.7 -9.4 -6.6 -1 0 7.1 
2003 1 12 -12.2 -7.2 0.0 -1 0 6.7 
2003 1 13 -7.2 -3.8 -1.1 -1 0 7.1 
2003 1 14 -11.1 -8.3 -4.4 30 -1 6.7 
2003 1 15 -15.0 -11.1 -5.5 30 0 5.8 
2003 1 16 -11.1 -7.2 -3.8 -1 0 5.3 
2003 1 17 -12.2 -8.3 -4.4 -1 0 6.7 
2003 1 18 -13.8 -10.5 -6.1 30 -1 5.8 
2003 1 19 -16.1 -10.5 -3.8 30 -1 6.2 
2003 1 20 -10.0 -6.6 -1.6 30 0 6.7 
2003 1 21 -13.3 -10.0 -7.2 -1 0 6.2 
2003 1 22 -14.4 -11.6 -9.4 -1 0 5.8 
2003 1 23 -1.0 -14.4 -10.5 -1 0 6.7 
2003 1 24 -16.1 -12.7 -8.3 -1 -1 5.8 
2003 1 25 -10.0 -6.1 1.6 -1 -1 6.7 
2003 1 26 -13.8 -8.8 0.0 30 -1 6.7 
2003 1 27 -17.7 -13.3 -8.8 30 0 7.1 
2003 1 28 -8.8 -4.4 1.1 51 -1 8.0 
2003 1 29 -3.8 -2.7 -1.1 51 -1 6.2 
2003 1 30 -6.1 -3.8 -2.2 30 0 6.7 
2003 1 31 -2.7 0.5 2.2 51 3 6.7 
2003 2 1 0.0 0.5 1.1 -1 0 5.8 
2003 2 2 1.1 1.6 3.3 -1 0 5.3 
2003 2 3 1.6 3.3 7.2 -1 3 5.8 
2003 2 4 -8.3 -2.7 6.1 -1 0 8.4 
2003 2 5 -13.3 -9.4 -4.4 -1 0 6.7 
2003 2 6 -5.0 -2.2 1.1 -1 0 3.5 
2003 2 7 -12.7 -8.8 -3.8 -1 0 6.7 
2003 2 8 -12.2 -8.3 -1.1 -1 -1 6.7 
2003 2 9 -13.8 -8.3 -1.1 -1 0 6.7 
2003 2 10 -8.8 -4.4 -1.6 -1 -1 8.0 
2003 2 11 -13.8 -8.8 0.0 -1 -1 8.4 
2003 2 12 -15.0 -9.4 0.0 30 -1 11.6 
2003 2 13 -11.1 -6.1 0.0 30 0 6.7 
2003 2 14 -7.2 -2.2 1.6 -1 -1 6.7 
2003 2 15 -6.1 -3.3 -1.1 30 -1 11.1 
2003 2 16 -7.7 -6.1 -3.8 30 0 9.8 
2003 2 17 -6.1 -3.8 -1.1 30 -1 8.9 
2003 2 18 -3.8 -1.6 2.2 -1 -1 5.8 
2003 2 19 -3.3 0.5 4.4 -1 0 6.7 
2003 2 20 -2.2 2.2 10.0 -1 0 6.7 
2003 2 21 -2.2 2.7 8.8 -1 0 3.5 
2003 2 22 -2.2 1.1 5.0 -1 -1 10.2 
2003 2 23 -10.0 -6.1 -2.2 -1 -1 9.8 
2003 2 24 -10.0 -6.6 -3.8 30 -1 7.1 
2003 2 25 -16.1 -12.2 -7.2 30 0 5.8 
2003 2 26 -10.5 -6.6 -1.6 -1 0 4.9 
2003 2 27 -8.8 -4.4 -0.5 -1 0 4.9 
2003 2 28 -7.7 -2.2 4.4 -1 0 3.5 
2003 3 2 -8.3 -2.7 1.1 -1 -1 8.0 
2003 3 3 -11.1 -7.7 -3.3 30 -1 6.7 
2003 3 4 -2.7 0.0 2.2 30 3 6.2 
2003 3 5 -6.1 -3.8 -2.2 130 -1 7.1 
2003 3 6 -7.2 -5.0 -1.6 99 0 6.7 
2003 3 7 -5.0 -1.6 2.2 99 0 6.2 
2003 3 8 -4.4 0.5 6.6 79 3 9.3 
2003 3 9 -13.3 -10.0 -4.4 51 0 7.1 
2003 3 10 -15.0 -11.6 -6.1 51 0 7.1 
2003 3 11 -8.8 -2.7 7.2 30 0 8.4 
2003 3 12 1.1 3.8 7.2 -1 0 6.2 
2003 3 13 -1.1 0.5 1.6 -1 3 9.8 
2003 3 14 -2.7 2.7 12.7 -1 0 5.8 
2003 3 15 1.1 6.6 11.1 -1 0 4.0 
2003 3 16 6.6 11.6 20.0 -1 0 5.3 
2003 3 17 8.8 14.4 22.2 -1 0 3.5 
2003 3 18 3.8 6.6 15.0 -1 0 8.0 
2003 3 19 3.8 5.5 8.8 -1 0 7.1 
2003 3 20 7.2 11.1 17.2 -1 3 7.1 
2003 3 21 3.8 8.8 13.8 -1 0 8.9 
2003 3 22 3.8 5.5 7.7 -1 0 6.7 
2003 3 23 6.1 10.0 17.2 -1 0 3.5 
2003 3 24 8.3 15.5 24.4 -1 0 8.4 
2003 3 25 6.6 12.2 22.2 -1 3 5.8 
2003 3 26 2.2 8.3 16.6 -1 0 6.7 
2003 3 27 5.5 10.5 18.8 -1 -1 8.4 
2003 3 28 3.8 13.3 16.6 -1 0 10.2 
2003 3 29 0.5 2.2 4.4 -1 8 8.4 
2003 3 30 -3.3 1.1 6.1 -1 -1 4.9 
2003 3 31 -2.2 5.5 13.3 -1 0 5.3 
2003 4 1 8.3 15.0 27.2 -1 3 8.4 
2003 4 2 7.7 12.7 22.7 -1 0 6.7 
2003 4 3 3.8 6.6 11.1 -1 0 6.7 
2003 4 4 2.7 4.4 8.8 -1 18 10.2 
2003 4 5 -2.7 0.5 4.4 -1 0 6.7 
2003 4 6 -1.1 0.0 2.7 -1 0 8.0 
2003 4 7 -1.1 1.1 3.8 51 0 9.3 
2003 4 8 0.0 0.5 1.1 30 3 6.2 
2003 4 9 -1.1 2.2 6.1 30 0 6.2 
2003 4 10 -1.6 6.1 13.3 -1 0 3.5 
2003 4 11 2.2 10.5 21.1 -1 0 5.3 
2003 4 12 5.0 8.3 11.6 -1 0 6.7 
2003 4 13 2.2 8.3 19.4 -1 0 5.8 
2003 4 14 10.5 18.3 29.4 -1 0 8.0 
2003 4 15 16.6 23.3 30.0 -1 0 9.8 
2003 4 16 8.3 15.0 27.2 -1 0 6.7 
2003 4 17 5.5 7.2 10.0 -1 -1 7.1 
2003 4 18 3.8 5.5 8.8 -1 0 5.8 
2003 4 19 3.8 13.8 26.1 -1 0 7.1 
2003 4 20 13.8 18.3 21.1 -1 3 9.8 
2003 4 21 7.7 10.0 11.6 -1 0 8.0 
2003 4 22 5.0 7.2 11.6 -1 0 6.2 
2003 4 23 2.2 7.2 12.2 -1 0 3.5 
2003 4 24 3.8 8.8 16.1 -1 0 5.8 
2003 4 25 8.3 11.1 15.0 -1 0 8.0 
2003 4 26 3.8 8.8 12.7 -1 0 5.3 
2003 4 27 6.1 13.8 23.8 -1 0 6.2 
2003 4 28 12.7 18.3 22.7 -1 0 5.3 
2003 4 29 8.8 14.4 20.0 -1 -1 6.2 
2003 4 30 7.7 11.6 20.0 -1 8 6.7 
2003 5 1 7.7 10.5 12.7 -1 43 5.8 
2003 5 2 5.0 8.3 11.6 -1 13 8.4 
2003 5 3 3.8 8.3 13.8 -1 0 5.8 
2003 5 4 5.0 10.5 15.5 -1 0 8.0 
2003 5 5 11.1 16.1 22.2 -1 28 8.4 
2003 5 6 10.0 15.5 20.0 -1 0 4.9 
2003 5 7 10.0 12.7 18.3 -1 3 6.2 
2003 5 8 8.8 11.1 16.1 -1 0 5.3 
2003 5 9 8.8 17.2 28.8 -1 33 8.9 
2003 5 10 15.0 19.4 27.2 -1 3 6.2 
2003 5 11 10.0 13.8 22.7 -1 13 14.7 
2003 5 12 10.0 13.8 19.4 -1 0 12.5 
2003 5 13 8.8 15.5 22.7 -1 0 6.7 
2003 5 14 11.1 13.8 17.2 -1 8 6.7 
2003 5 15 8.8 10.5 12.7 -1 0 8.0 
2003 5 16 10.0 12.7 17.7 -1 0 5.8 
2003 5 17 10.5 13.8 20.5 -1 0 6.7 
2003 5 18 10.5 14.4 21.6 -1 0 6.2 
2003 5 19 15.0 18.3 23.3 -1 0 5.8 
2003 5 20 12.2 17.7 22.2 -1 13 8.0 
2003 5 21 7.7 10.5 13.8 -1 0 6.7 
2003 5 22 6.6 11.1 16.1 -1 0 5.8 
2003 5 23 8.8 12.2 17.7 -1 0 5.8 
2003 5 24 7.7 13.8 21.1 -1 0 6.7 
2003 5 25 10.0 14.4 18.8 -1 0 6.7 
2003 5 26 8.8 15.5 21.1 -1 0 6.7 
2003 5 27 10.5 16.6 22.7 -1 0 6.2 
2003 5 28 13.8 17.2 21.6 -1 5 9.8 
2003 5 29 11.1 15.0 18.8 -1 0 6.7 
2003 5 30 11.1 16.1 22.2 -1 0 7.1 
2003 5 31 8.8 12.2 21.6 -1 30 10.2 
2003 6 1 3.8 10.5 16.6 -1 0 5.3 
2003 6 2 7.2 13.8 20.0 -1 0 4.0 
2003 6 3 11.1 12.7 17.2 -1 8 6.7 
2003 6 4 12.2 15.0 19.4 -1 0 5.8 
2003 6 5 9.4 17.2 25.5 -1 0 4.0 
2003 6 6 13.3 17.7 22.2 -1 3 5.3 
2003 6 7 15.0 18.8 25.0 -1 -1 4.0 
2003 6 8 14.4 17.7 21.6 -1 3 8.0 
2003 6 9 12.7 18.3 25.0 -1 8 5.8 
2003 6 10 15.5 20.0 25.0 -1 0 8.4 
2003 6 11 12.2 17.2 24.4 -1 3 8.0 
2003 6 12 12.2 16.1 21.1 -1 0 5.3 
2003 6 13 15.0 17.2 21.1 -1 0 3.5 
2003 6 14 13.3 18.8 25.0 -1 0 5.8 
2003 6 15 13.8 18.8 23.8 -1 0 5.8 
2003 6 16 15.0 20.0 26.1 -1 0 4.9 
2003 6 17 13.3 20.5 26.1 -1 0 4.0 
2003 6 18 16.1 22.7 31.6 -1 20 9.8 
2003 6 19 15.0 17.2 20.0 -1 0 9.8 
2003 6 20 10.5 16.6 22.7 -1 0 6.7 
2003 6 21 11.1 18.8 26.1 -1 0 4.0 
2003 6 22 16.1 22.2 28.8 -1 0 4.9 
2003 6 23 18.3 25.0 31.6 -1 0 6.2 
2003 6 24 22.2 27.7 34.4 -1 0 6.7 
2003 6 25 22.7 28.3 33.8 -1 0 6.7 
2003 6 26 17.7 22.7 31.6 -1 13 9.3 
2003 6 27 14.4 21.1 28.3 -1 0 6.2 
2003 6 28 18.8 22.7 27.7 -1 5 6.7 
2003 6 29 17.7 22.2 26.6 -1 5 4.9 
2003 6 30 17.2 23.3 29.4 -1 0 4.0 
2003 7 1 18.8 25.0 29.4 -1 0 5.3 
2003 7 2 18.3 25.5 30.5 -1 0 4.0 
2003 7 3 22.2 27.7 33.3 -1 -1 6.7 
2003 7 4 25.0 28.8 34.4 -1 0 8.0 
2003 7 5 20.5 27.2 33.3 -1 18 13.4 
2003 7 6 20.0 25.5 32.2 -1 15 8.0 
2003 7 7 21.6 25.5 31.6 -1 10 9.8 
2003 7 8 20.5 23.3 31.1 -1 10 9.8 
2003 7 9 17.7 20.5 22.7 -1 8 6.7 
2003 7 10 18.8 22.2 26.6 -1 5 8.0 
2003 7 11 16.1 20.0 23.8 -1 0 6.7 
2003 7 12 16.1 21.1 26.1 -1 0 3.5 
2003 7 13 16.6 22.7 28.3 -1 0 4.0 
2003 7 14 17.7 23.8 28.8 -1 0 6.2 
2003 7 15 20.0 25.0 30.5 -1 30 9.8 
2003 7 16 16.6 23.3 28.3 -1 0 6.2 
2003 7 17 19.4 24.4 30.5 -1 15 10.2 
2003 7 18 17.7 20.5 22.7 -1 46 7.1 
2003 7 19 13.8 21.1 28.3 -1 0 5.8 
2003 7 20 19.4 24.4 30.5 -1 5 8.4 
2003 7 21 20.0 23.3 28.3 -1 18 8.0 
2003 7 22 17.7 19.4 22.7 -1 0 8.0 
2003 7 23 16.6 19.4 23.8 -1 0 6.2 
2003 7 24 13.8 20.5 26.1 -1 0 5.3 
2003 7 25 17.2 22.7 28.3 -1 0 6.7 
2003 7 26 20.5 25.0 28.8 -1 0 8.9 
2003 7 27 20.0 24.4 27.7 -1 3 6.7 
2003 7 28 17.7 20.5 23.3 -1 8 4.0 
2003 7 29 13.8 20.5 27.2 -1 0 3.5 
2003 7 30 17.2 22.7 28.3 -1 0 4.9 
2003 7 31 18.8 24.4 28.8 -1 0 4.9 
2003 8 1 18.8 25.0 31.1 -1 -1 12.9 
2003 8 2 17.7 22.7 28.8 -1 0 5.3 
2003 8 3 18.8 21.6 27.7 -1 0 8.0 
2003 8 4 17.7 20.5 25.0 -1 0 5.3 
2003 8 5 17.2 21.6 26.6 -1 0 3.5 
2003 8 6 20.5 23.3 28.3 -1 3 3.5 
2003 8 7 20.0 23.3 27.2 -1 0 6.7 
2003 8 8 21.1 22.2 23.8 -1 0 6.7 
2003 8 9 17.7 21.1 24.4 -1 10 5.8 
2003 8 10 17.7 22.2 27.7 -1 10 4.0 
2003 8 11 17.7 21.1 25.5 -1 5 6.2 
2003 8 12 20.0 21.6 24.4 -1 0 6.2 
2003 8 13 20.0 23.3 27.2 -1 0 5.3 
2003 8 14 21.6 25.0 29.4 -1 0 3.5 
2003 8 15 22.7 27.2 32.2 -1 0 4.9 
2003 8 16 23.8 28.3 33.3 -1 0 5.8 
2003 8 17 22.7 25.5 28.8 -1 0 5.3 
2003 8 18 20.0 25.0 28.8 -1 0 4.0 
2003 8 19 18.3 23.8 28.3 -1 0 4.9 
2003 8 20 19.4 25.5 32.2 -1 0 5.8 
2003 8 21 23.8 28.8 36.1 -1 0 6.7 
2003 8 22 22.2 26.1 32.2 -1 0 6.7 
2003 8 23 18.3 22.7 26.6 -1 0 4.9 
2003 8 24 18.3 24.4 30.5 -1 0 6.2 
2003 8 25 22.2 28.3 34.4 -1 0 5.8 
2003 8 26 22.7 28.3 32.7 -1 3 7.1 
2003 8 27 22.7 26.6 30.0 -1 3 6.7 
2003 8 28 20.0 25.5 34.4 -1 0 6.2 
2003 8 29 22.2 25.5 31.1 -1 8 5.3 
2003 8 30 18.3 21.1 25.0 -1 0 6.2 
2003 8 31 16.6 19.4 21.1 -1 8 4.0 
2003 9 1 16.6 17.2 18.8 -1 15 6.2 
2003 9 2 17.2 19.4 22.2 -1 15 5.3 
2003 9 3 16.1 21.1 28.3 -1 0 6.2 
2003 9 4 15.0 19.4 26.1 -1 0 5.3 
2003 9 5 12.2 17.7 23.3 -1 0 4.9 
2003 9 6 12.2 19.4 26.1 -1 0 3.5 
2003 9 7 16.1 22.7 28.8 -1 0 3.5 
2003 9 8 18.8 23.8 27.7 -1 0 3.5 
2003 9 9 20.0 23.3 27.2 -1 0 4.0 
2003 9 10 18.3 22.7 27.7 -1 0 5.3 
2003 9 11 20.0 24.4 28.8 -1 0 6.2 
2003 9 12 17.7 22.2 27.7 -1 3 6.2 
2003 9 13 21.1 24.4 28.8 -1 -1 5.3 
2003 9 14 18.8 21.6 27.2 -1 15 6.7 
2003 9 15 12.7 18.3 22.7 -1 0 6.2 
2003 9 16 13.8 20.0 28.3 -1 0 4.9 
2003 9 17 16.1 22.2 28.3 -1 0 8.0 
2003 9 18 16.1 21.6 27.2 -1 0 5.3 
2003 9 19 12.7 17.2 21.6 -1 0 8.4 
2003 9 20 7.7 14.4 21.1 -1 0 4.9 
2003 9 21 12.2 18.3 25.0 -1 0 5.3 
2003 9 22 16.1 18.8 23.3 -1 10 6.7 
2003 9 23 8.8 15.0 21.1 -1 0 6.7 
2003 9 24 13.8 17.2 21.1 -1 3 5.8 
2003 9 25 7.7 12.2 17.7 -1 3 4.9 
2003 9 26 9.4 13.3 18.3 -1 15 5.8 
2003 9 27 8.8 12.7 17.2 -1 0 8.4 
2003 9 28 8.8 10.5 15.0 -1 0 6.2 
2003 9 29 5.5 9.4 14.4 -1 0 5.8 
2003 9 30 6.1 10.0 13.3 -1 -1 6.2 
2003 10 1 2.2 8.3 12.2 -1 0 7.1 
2003 10 2 0.0 5.5 11.6 -1 0 4.0 
2003 10 3 4.4 7.7 11.1 -1 5 7.1 
2003 10 4 5.0 10.5 15.0 -1 0 5.3 
2003 10 5 7.2 11.1 14.4 -1 0 3.5 
2003 10 6 6.1 11.1 16.6 -1 0 4.0 
2003 10 7 8.8 16.1 26.6 -1 0 5.3 
2003 10 8 12.2 20.0 26.6 -1 0 4.9 
2003 10 9 13.8 18.8 22.7 -1 0 3.5 
2003 10 10 12.2 18.3 24.4 -1 0 4.9 
2003 10 11 16.1 20.0 26.1 -1 0 5.3 
2003 10 12 8.8 16.1 22.7 -1 0 6.7 
2003 10 13 8.8 15.5 22.7 -1 0 5.8 
2003 10 14 10.5 13.3 20.0 -1 8 8.9 
2003 10 15 6.1 11.6 17.2 -1 18 5.8 
2003 10 16 8.8 10.5 13.8 -1 -1 5.3 
2003 10 17 2.2 8.3 14.4 -1 0 3.5 
2003 10 18 7.2 12.2 21.1 -1 0 6.7 
2003 10 19 11.6 15.0 18.8 -1 0 4.9 
2003 10 20 12.2 18.3 29.4 -1 0 7.1 
2003 10 21 12.7 16.6 22.7 -1 0 5.3 
2003 10 22 6.1 10.0 13.3 -1 0 5.3 
2003 10 23 7.2 9.4 12.2 -1 0 4.9 
2003 10 24 6.1 11.1 16.1 -1 0 6.7 
2003 10 25 8.8 11.6 13.8 -1 13 3.5 
2003 10 26 2.2 6.6 11.1 -1 0 4.9 
2003 10 27 2.2 3.8 6.1 -1 0 3.5 
2003 10 28 4.4 7.7 12.7 -1 0 8.4 
2003 10 29 4.4 6.6 9.4 -1 3 6.7 
2003 10 30 6.1 12.2 22.2 -1 0 8.0 
2003 10 31 11.6 17.2 20.5 -1 0 6.7 
2003 11 1 8.8 9.4 11.6 -1 0 4.0 
2003 11 2 9.4 11.6 14.4 -1 18 3.5 
2003 11 3 8.8 11.1 11.6 -1 25 6.7 
2003 11 4 10.0 16.6 20.0 -1 3 6.7 
2003 11 5 3.8 7.7 20.0 -1 18 6.7 
2003 11 6 2.2 4.4 8.3 -1 0 4.9 
2003 11 7 -2.2 2.2 5.5 -1 0 6.7 
2003 11 8 -4.4 -0.5 3.3 -1 0 4.9 
2003 11 9 -2.7 1.1 5.0 -1 0 3.5 
2003 11 10 -1.1 3.8 11.1 -1 0 4.9 
2003 11 11 8.8 11.6 13.8 -1 0 6.2 
2003 11 12 5.5 11.6 16.6 -1 0 12.5 
2003 11 13 -1.1 2.2 6.1 -1 0 12.5 
2003 11 14 -2.7 2.7 10.0 -1 0 7.1 
2003 11 15 3.8 5.0 6.6 -1 0 5.3 
2003 11 16 5.5 6.6 9.4 -1 0 3.1 
2003 11 17 3.8 8.8 12.7 -1 3 6.2 
2003 11 18 11.1 14.4 17.2 -1 20 6.7 
2003 11 19 3.8 9.4 13.8 -1 3 6.7 
2003 11 20 3.8 10.0 18.3 -1 0 8.9 
2003 11 21 6.1 10.0 16.1 -1 0 8.4 
2003 11 22 6.6 10.0 14.4 -1 0 6.2 
2003 11 23 6.6 15.0 18.8 -1 20 9.3 
2003 11 24 -6.1 -1.6 6.1 -1 8 11.1 
2003 11 25 -2.7 0.0 4.4 -1 0 9.8 
2003 11 26 0.5 3.8 8.8 -1 0 6.2 
2003 11 27 3.8 5.5 6.6 -1 0 3.5 
2003 11 28 -2.2 0.5 5.5 -1 -1 6.7 
2003 11 29 -3.8 -1.1 2.2 -1 -1 8.4 
2003 11 30 1.6 6.1 12.2 -1 0 8.0 
2003 12 1 0.0 3.8 12.2 -1 0 9.8 
2003 12 2 -3.8 -0.5 2.7 -1 0 4.0 
2003 12 3 -1.1 1.6 3.8 -1 0 5.8 
2003 12 4 1.1 2.2 3.8 -1 5 4.9 
2003 12 5 1.1 3.3 6.1 -1 15 9.3 
2003 12 6 -1.1 2.2 4.4 -1 0 5.8 
2003 12 7 -2.2 1.6 3.8 -1 0 4.0 
2003 12 8 1.1 3.8 7.2 -1 0 5.3 
2003 12 9 5.0 6.1 7.7 -1 5 4.9 
2003 12 10 2.7 8.8 12.7 -1 15 8.0 
2003 12 11 -7.2 -3.3 1.6 -1 5 9.3 
2003 12 12 -11.1 -7.7 -3.3 -1 0 5.3 
2003 12 13 -7.2 -5.0 -1.1 -1 -1 6.7 
2003 12 14 -3.3 -2.2 -0.5 30 0 6.2 
2003 12 15 -4.4 -1.1 3.3 30 0 6.7 
2003 12 16 -2.2 2.2 5.5 -1 0 9.3 
2003 12 17 -5.0 -3.8 -2.2 -1 0 7.1 
2003 12 18 -7.2 -5.0 -2.7 -1 0 4.9 
2003 12 19 -3.8 -2.2 -0.5 -1 -1 8.4 
2003 12 20 -10.5 -5.5 -0.5 -1 0 6.7 
2003 12 21 -3.8 1.1 8.3 -1 0 8.0 
2003 12 22 3.8 5.5 7.2 -1 0 6.7 
2003 12 23 0.0 2.2 5.0 -1 0 6.7 
2003 12 24 -7.2 -3.8 0.0 30 -1 6.7 
2003 12 25 -7.7 -5.0 2.2 30 0 4.9 
2003 12 26 -5.5 0.0 6.1 -1 0 3.5 
2003 12 27 0.5 3.8 9.4 -1 0 5.8 
2003 12 28 5.5 7.7 9.4 -1 3 10.2 
2003 12 29 2.7 6.1 9.4 -1 3 6.2 
2003 12 30 -3.3 0.0 5.0 -1 0 8.4 
2003 12 31 2.2 5.0 6.1 -1 0 8.4 
